solid Visualization Toolkit generated SLA File
 facet normal 0 1 0
  outer loop
   vertex 208.50172424316406 116.99863433837891 0.74981975555419922
   vertex 208.50137329101562 116.99863433837891 -0.0013692358043044806
   vertex 208.50137329101562 116.99863433837891 1.5013692378997803
  endloop
 endfacet
 facet normal 0 -0 1
  outer loop
   vertex 206.99862670898438 118.50136566162109 -0.0013692358043044806
   vertex 208.50137329101562 116.99863433837891 -0.0013692358043044806
   vertex 208.50137329101562 118.50136566162109 -0.0013692358043044806
  endloop
 endfacet
 facet normal -1 0 0
  outer loop
   vertex 208.50137329101562 118.50136566162109 -0.0013692358043044806
   vertex 208.50137329101562 116.99863433837891 -0.0013692358043044806
   vertex 208.50137329101562 116.99863433837891 1.5013692378997803
  endloop
 endfacet
 facet normal 0 -1 0
  outer loop
   vertex 208.50137329101562 116.99863433837891 1.5013692378997803
   vertex 208.50137329101562 116.99863433837891 -0.0013692358043044806
   vertex 208.50172424316406 116.99863433837891 0.74981975555419922
  endloop
 endfacet
 facet normal 1 0 0
  outer loop
   vertex 208.50137329101562 118.50136566162109 -0.0013692358043044806
   vertex 208.50137329101562 116.99863433837891 1.5013692378997803
   vertex 208.50137329101562 116.99863433837891 -0.0013692358043044806
  endloop
 endfacet
endsolid
